              80
             440
             543
       1      18        1850         127
      18       1        1850         127
       1      64       27297          57
      64       1       27297          57
       1      71       13949          98
      71       1       13949          98
       1      77        8528          87
      77       1        8528          87
       1      79       13940          56
      79       1       13940          56
       2      19       44602         103
      19       2       44602         103
       2      27        5690          57
      27       2        5690          57
       2      43       18845         198
      43       2       18845         198
       2      65       69813         180
      65       2       69813         180
       2      70       12618         197
      70       2       12618         197
       3       9       71594         169
       9       3       71594         169
       3      17       35460         100
      17       3       35460         100
       3      19      190825         148
      19       3      190825         148
       3      23       10250         172
      23       3       10250         172
       3      50       73805         165
      50       3       73805         165
       3      73        3466         158
      73       3        3466         158
       4      26       14549         165
      26       4       14549         165
       4      40        1970          54
      40       4        1970          54
       4      46       43441          62
      46       4       43441          62
       4      55       22997         130
      55       4       22997         130
       4      68       40456         140
      68       4       40456         140
       5      12       23965          88
      12       5       23965          88
       5      36       33332          93
      36       5       33332          93
       5      41       11002         182
      41       5       11002         182
       5      57        4625          80
      57       5        4625          80
       5      64       26269         179
      64       5       26269         179
       5      75       20453         145
      75       5       20453         145
       5      79       19058         192
      79       5       19058         192
       6      14       13313         129
      14       6       13313         129
       6      25       10706         110
      25       6       10706         110
       6      30       10865         126
      30       6       10865         126
       6      44       13220         131
      44       6       13220         131
       6      62        8585         127
      62       6        8585         127
       7      10      214730          76
      10       7      214730          76
       7      29        6833         163
      29       7        6833         163
       7      33       12506         164
      33       7       12506         164
       7      48       25562         140
      48       7       25562         140
       7      53         450         158
      53       7         450         158
       7      72       89297          84
      72       7       89297          84
       8      48        3329          82
      48       8        3329          82
       8      72       17620         164
      72       8       17620         164
       8      74        4673         110
      74       8        4673         110
       9      23       32724         138
      23       9       32724         138
       9      34       23629         184
      34       9       23629         184
       9      55       14500         134
      55       9       14500         134
       9      73       44356         197
      73       9       44356         197
       9      75       17972          98
      75       9       17972          98
      10      15       14645         191
      15      10       14645         191
      10      43       30685         131
      43      10       30685         131
      10      65       15877          59
      65      10       15877          59
      10      72       34969         104
      72      10       34969         104
      10      78        8730         131
      78      10        8730         131
      11      13        3077          84
      13      11        3077          84
      11      38       13234         138
      38      11       13234         138
      11      41       16466          64
      41      11       16466          64
      11      55        3485          80
      55      11        3485          80
      11      75       18329          75
      75      11       18329          75
      12      21        2048          63
      21      12        2048          63
      12      36       31601          52
      36      12       31601          52
      12      61       11197         131
      61      12       11197         131
      12      64        1970         104
      64      12        1970         104
      13      38        6245         183
      38      13        6245         183
      13      40        4765          75
      40      13        4765          75
      13      55       10656         178
      55      13       10656         178
      14      18       16900          84
      18      14       16900          84
      14      44        6165          56
      44      14        6165          56
      14      60       18450          84
      60      14       18450          84
      14      62       32042         153
      62      14       32042         153
      14      74       32912         181
      74      14       32912         181
      14      77        6890          80
      77      14        6890          80
      15      65          34         151
      65      15          34         151
      15      78        7853         157
      78      15        7853         157
      16      17        2152         116
      17      16        2152         116
      16      34         353          67
      34      16         353          67
      16      36         929         164
      36      16         929         164
      17      23       11570         179
      23      17       11570         179
      17      34        3445         117
      34      17        3445         117
      17      36        4645         187
      36      17        4645         187
      17      50        9605         167
      50      17        9605         167
      17      61       10573          92
      61      17       10573          92
      18      27       19796          48
      27      18       19796          48
      18      43       30073          66
      43      18       30073          66
      18      60       17410          89
      60      18       17410          89
      18      71       20313          58
      71      18       20313          58
      18      77       12610         129
      77      18       12610         129
      19      45        3872          88
      45      19        3872          88
      19      49        5410         156
      49      19        5410         156
      19      50       32740          67
      50      19       32740          67
      19      70       16840          82
      70      19       16840          82
      20      26        3730          84
      26      20        3730          84
      20      37       15986         111
      37      20       15986         111
      20      38        2425          98
      38      20        2425          98
      20      41       10529         145
      41      20       10529         145
      20      47       20410          68
      47      20       20410          68
      20      58        1184          50
      58      20        1184          50
      20      80        8784          83
      80      20        8784          83
      21      49        3313         142
      49      21        3313         142
      21      50       16913         165
      50      21       16913         165
      21      61       15613         105
      61      21       15613         105
      21      64        1970         120
      64      21        1970         120
      22      29       21445          72
      29      22       21445          72
      22      32       20722         151
      32      22       20722         151
      22      33        7712          92
      33      22        7712          92
      22      51       41296          84
      51      22       41296          84
      22      59       22745          88
      59      22       22745          88
      22      62        8906         148
      62      22        8906         148
      23      34       11281         163
      34      23       11281         163
      23      73        2056         167
      73      23        2056         167
      24      28        2353         108
      28      24        2353         108
      24      37        4586         167
      37      24        4586         167
      24      80        1156          87
      80      24        1156          87
      25      30        8109         125
      30      25        8109         125
      25      35        2785         143
      35      25        2785         143
      25      37        5960         185
      37      25        5960         185
      25      44        9802         172
      44      25        9802         172
      25      47        7760         126
      47      25        7760         126
      26      38        3985          60
      38      26        3985          60
      26      40        5993         121
      40      26        5993         121
      26      68       13465          79
      68      26       13465          79
      26      80       12538          66
      80      26       12538          66
      27      43       19993         159
      43      27       19993         159
      27      70        2132         188
      70      27        2132         188
      27      71       12473          69
      71      27       12473          69
      28      31        2597          96
      31      28        2597          96
      28      37         965          82
      37      28         965          82
      28      66        2740          71
      66      28        2740          71
      28      80        3033         171
      80      28        3033         171
      29      32        8149         149
      32      29        8149         149
      29      33       12493         154
      33      29       12493         154
      29      39        6500         150
      39      29        6500         150
      29      53        5717         140
      53      29        5717         140
      30      31        8609         123
      31      30        8609         123
      30      37        3185          99
      37      30        3185          99
      30      59       16133         153
      59      30       16133         153
      30      62       21754          99
      62      30       21754          99
      30      63       11624          49
      63      30       11624          49
      30      66         212         146
      66      30         212         146
      31      42        3728         164
      42      31        3728         164
      31      52       32500         174
      52      31       32500         174
      31      59       28744          72
      59      31       28744          72
      31      66        6205          55
      66      31        6205          55
      31      67        7738         117
      67      31        7738         117
      31      80        1640          83
      80      31        1640          83
      32      39         641         175
      39      32         641         175
      32      51       42426          48
      51      32       42426          48
      33      48       13896         103
      48      33       13896         103
      33      53        8228         180
      53      33        8228         180
      33      62       25930          88
      62      33       25930          88
      33      74       17620          59
      74      33       17620          59
      34      36        1744          75
      36      34        1744          75
      34      75       15185          52
      75      34       15185          52
      35      44        6445          72
      44      35        6445          72
      35      47        3497          75
      47      35        3497          75
      35      79        4930          49
      79      35        4930          49
      36      61       13466         109
      61      36       13466         109
      36      75       11513         126
      75      36       11513         126
      37      47       14408         135
      47      37       14408         135
      37      66        2249         152
      66      37        2249         152
      38      40       11602         157
      40      38       11602         157
      38      41        6176         142
      41      38        6176         142
      38      58         545         139
      58      38         545         139
      39      51       52757          91
      51      39       52757          91
      40      55       23365          81
      55      40       23365          81
      41      47       15877          66
      47      41       15877          66
      41      57        3161         185
      57      41        3161         185
      41      58        5193         130
      58      41        5193         130
      41      75       14545         114
      75      41       14545         114
      41      79       46280         159
      79      41       46280         159
      42      67         850          65
      67      42         850          65
      42      68         305         111
      68      42         305         111
      42      80        3240          64
      80      42        3240          64
      43      54       13625         120
      54      43       13625         120
      43      60       24309         150
      60      43       24309         150
      43      72       23018         127
      72      43       23018         127
      43      78       20605         126
      78      43       20605         126
      44      77        1205         194
      77      44        1205         194
      44      79        5553         170
      79      44        5553         170
      45      49        2066         145
      49      45        2066         145
      45      70        5576          68
      70      45        5576          68
      45      71        1613         149
      71      45        1613         149
      46      56        4729          91
      56      46        4729          91
      46      68       22997          48
      68      46       22997          48
      46      76        2260         192
      76      46        2260         192
      47      79       10369         151
      79      47       10369         151
      48      74         580          69
      74      48         580          69
      49      50       35186         136
      50      49       35186         136
      49      64        3341          85
      64      49        3341          85
      49      71        2385         181
      71      49        2385         181
      50      61          26         161
      61      50          26         161
      51      52       59705          75
      52      51       59705          75
      51      56       95348          83
      56      51       95348          83
      51      59       19009          51
      59      51       19009          51
      52      56        5321         131
      56      52        5321         131
      52      59       61540         106
      59      52       61540         106
      52      67       13394          98
      67      52       13394          98
      52      69        1093         152
      69      52        1093         152
      52      76        5450         188
      76      52        5450         188
      54      60        3218          84
      60      54        3218          84
      54      72        5021         128
      72      54        5021         128
      55      75       25096         137
      75      55       25096         137
      56      69        2050          92
      69      56        2050          92
      56      76        4901         170
      76      56        4901         170
      57      75        7684         131
      75      57        7684         131
      59      62        8869          75
      62      59        8869          75
      59      63         729          66
      63      59         729          66
      60      72       13445          93
      72      60       13445          93
      60      74       16250          89
      74      60       16250          89
      62      63        5818          54
      63      62        5818          54
      62      74       48850         168
      74      62       48850         168
      64      71        9512          65
      71      64        9512          65
      64      79       26729          70
      79      64       26729          70
      65      78        8869          51
      78      65        8869          51
      67      68         445          62
      68      67         445          62
      67      76        9104          95
      76      67        9104          95
      68      76       12701          62
      76      68       12701          62
      68      80        4589         136
      80      68        4589         136
      69      76        2393          91
      76      69        2393          91
      70      71        4505         191
      71      70        4505         191
      72      74       22237         132
      74      72       22237         132
      77      79        4292          99
      79      77        4292          99
     1    10           7
     1    19           8
     1    30           8
     1    50           9
     2     3           8
     2    11           8
     2    14           4
     2    15           7
     2    22           8
     2    31           5
     2    34           6
     2    45           9
     2    56           9
     2    58           8
     2    60           8
     2    66           7
     3     6           8
     3    10           5
     3    14           4
     3    25           6
     3    26           8
     3    42           9
     3    44           9
     3    45           6
     3    46           5
     3    48           8
     3    49           8
     3    56           5
     3    72           6
     4     1           9
     4    19           7
     4    21           9
     4    39           6
     4    75           7
     5     8           8
     5    16           7
     5    20           7
     5    24           8
     5    50           5
     6    27           7
     6    51           7
     6    66           6
     6    72           6
     6    78           7
     7     4           5
     7    11           9
     7    19           5
     7    20           6
     7    27           4
     7    31           7
     7    45           4
     7    52           7
     7    58           8
     7    62           8
     7    69           8
     8    34           7
     8    46           8
     8    55           8
     9    13           9
     9    15           5
     9    59           9
     9    65           8
     9    79           6
    10     5           6
    10     6           9
    10    18           5
    10    19           6
    10    23           9
    10    36           6
    10    69           6
    10    71           6
    11     2           7
    11    13           9
    11    21           4
    11    29           4
    11    32           8
    11    47           8
    11    62           6
    12     8           5
    12    19           6
    12    28           6
    12    38           4
    12    40           8
    12    60           6
    12    61           5
    13     6           8
    13    11           8
    13    12           4
    13    15           6
    13    18           9
    13    37           6
    13    39           6
    13    48           6
    13    57           5
    13    65           4
    13    70           5
    13    76           5
    14    13           7
    14    30           6
    14    36           8
    14    41           9
    14    54           5
    14    68           6
    14    74           6
    14    76           9
    14    79           7
    15     7           7
    15    12           9
    15    19           4
    15    20           4
    15    21           7
    15    51           6
    16     5           8
    16     6           8
    16    17           5
    16    68           4
    16    78           9
    17    11           4
    17    16           7
    17    39           6
    17    41           5
    17    58           8
    17    63           8
    17    77           6
    18    21           7
    18    48           6
    18    55           4
    18    60           5
    18    74           9
    19     7           5
    19    11           5
    19    27           8
    19    66           7
    20    15           6
    20    39           7
    20    47           9
    20    55           9
    21     1           5
    21     2           9
    21    11           8
    21    15           5
    21    42           4
    21    55           8
    22     9           4
    22    10           7
    22    25           7
    22    28           8
    22    48           4
    22    59           6
    22    61           5
    22    65           7
    22    80           8
    23     6           9
    23     9           9
    23    20           5
    23    27           7
    23    31           5
    24     9           8
    24    23           7
    24    68           9
    24    69           5
    25     8           8
    25    11           8
    25    38           5
    25    48           7
    25    78           4
    26    15           4
    26    33           5
    26    35           7
    26    60           4
    26    72           4
    26    74           5
    27     4           6
    27    15           8
    27    46           5
    27    61           5
    28    17           9
    28    21           4
    28    36           8
    28    46           4
    28    50           6
    28    72           5
    29     6           8
    29     7           9
    29    61           9
    29    71           7
    29    79           5
    30     9           4
    30    27           7
    30    29           9
    30    39           9
    30    40           7
    30    48           6
    30    70           8
    30    73           4
    30    77           7
    31     4           5
    31    19           6
    31    26           5
    31    32           8
    31    47           5
    31    53           4
    31    60           5
    31    75           4
    31    76           5
    31    80           9
    32    18           7
    32    22           9
    32    42           8
    32    45           4
    32    49           9
    32    63           7
    32    75           8
    33     1           6
    33     8           4
    33    14           4
    33    22           8
    33    29           4
    33    69           5
    33    71           9
    33    74           7
    34    14           9
    34    24           8
    34    45           5
    34    62           7
    34    72           6
    35    22           9
    35    40           4
    35    57           9
    35    62           4
    35    69           7
    36     5           4
    36     6           9
    36    37           6
    36    41           8
    37     9           8
    37    13           9
    37    15           8
    37    17           8
    37    32           9
    37    71           8
    38    22           5
    38    37           6
    38    69           5
    39     1           4
    39     2           5
    39     8           6
    39    18           4
    39    65           9
    39    77           6
    40     6           6
    40    14           9
    40    22           7
    40    56           4
    40    57           7
    40    72           4
    40    79           5
    41     9           4
    41    14           8
    41    16           6
    41    27           6
    41    31           6
    41    70           9
    41    79           7
    42    43           9
    42    44           4
    42    74           8
    43    11           6
    43    51           8
    43    61           7
    43    66           6
    43    70           5
    44     7           8
    44     8           6
    44    10           8
    44    12           6
    44    23           7
    44    27           6
    44    53           9
    44    54           6
    45     1           4
    45    10           4
    45    13           5
    45    29           8
    45    37           5
    45    53           7
    45    60           9
    45    66           8
    45    75           9
    46    14           6
    46    18           7
    46    25           9
    46    35           9
    46    39           9
    46    55           5
    46    70           5
    47    18           6
    47    30           5
    47    39           8
    47    63           7
    48     6           5
    48    29           5
    48    42           4
    48    55           8
    48    74           6
    48    77           9
    48    78           6
    49     9           8
    49    24           6
    49    29           5
    49    60           7
    50     2           9
    50     3           7
    50    11           7
    50    17           4
    50    38           7
    50    40           5
    50    60           9
    50    68           8
    50    74           8
    50    79           5
    51    34           5
    51    37           8
    51    56           9
    51    60           9
    51    74           7
    52    17           7
    52    20           7
    52    30           4
    52    46           7
    52    50           6
    52    53           4
    52    63           8
    53     3           6
    53    20           9
    53    25           9
    53    26           5
    53    29           8
    53    32           4
    53    41           7
    53    51           4
    53    52           9
    53    64           5
    53    67           6
    53    76           8
    53    79           5
    54    13           9
    54    37           6
    54    46           8
    54    48           9
    54    69           6
    55     4           8
    55     5           8
    55     7           6
    55    10           9
    55    22           9
    55    27           9
    55    43           9
    55    50           6
    55    58           6
    55    62           8
    56     1           9
    56     5           4
    56     9           6
    56    23           7
    56    33           5
    56    39           8
    56    63           4
    56    65           4
    56    72           9
    56    75           7
    57    19           8
    57    34           6
    57    46           8
    57    56           8
    57    69           6
    58     9           9
    58    25           6
    58    36           9
    58    41           4
    58    45           8
    58    48           7
    58    60           9
    58    75           7
    58    79           6
    59     8           5
    59    22           7
    59    28           8
    59    64           7
    60    17           7
    60    24           6
    60    43           5
    60    51           8
    60    73           9
    60    77           6
    60    80           9
    61     2           8
    61    31           8
    61    43           5
    61    44           4
    61    53           4
    61    75           8
    62     8           6
    62    20           6
    62    29           6
    62    33           7
    62    38           4
    62    40           4
    62    50           8
    62    60           6
    63     1           4
    63    10           5
    63    18           9
    63    22           8
    63    30           7
    63    31           6
    63    47           5
    63    55           9
    63    61           5
    63    66           6
    64     6           8
    64    16           9
    64    34           8
    64    38           8
    64    42           5
    64    67           8
    64    70           4
    64    73           9
    65    47           7
    65    53           7
    65    54           7
    65    55           9
    65    68           8
    66     1           8
    66     7           8
    66    21           7
    66    29           4
    66    34           7
    66    57           5
    66    70           9
    67    13           9
    67    25           4
    67    52           4
    67    58           9
    67    60           9
    67    62           4
    67    75           9
    68     9           5
    68    23           6
    68    37           8
    68    54           6
    68    59           4
    68    60           6
    68    69           9
    69    10           6
    69    14           6
    69    28           7
    69    31           7
    69    54           5
    69    59           8
    70     3           9
    70     4           8
    70    23           6
    70    24           7
    70    26           6
    70    46           7
    70    53           7
    71     9           8
    71    12           8
    71    23           7
    71    32           5
    71    34           8
    71    35           6
    71    48           8
    71    63           4
    72    23           4
    72    25           4
    72    44           9
    72    49           6
    72    56           6
    72    59           5
    72    65           4
    73     6           8
    73     9           9
    73    31           6
    73    57           4
    73    64           8
    73    80           4
    74    13           4
    74    31           5
    74    35           5
    74    42           6
    74    45           5
    74    49           9
    74    56           9
    74    63           6
    74    70           4
    75     2           6
    75    19           9
    75    27           9
    75    43           4
    75    54           8
    75    64           9
    76     5           6
    76     6           8
    76    30           9
    76    39           5
    76    46           9
    76    50           7
    76    53           8
    76    58           8
    77    16           6
    77    24           4
    77    28           9
    77    29           5
    77    55           5
    78     3           7
    78    14           7
    78    20           9
    78    65           4
    78    66           6
    78    75           5
    79     4           4
    79     9           7
    79    10           9
    79    28           5
    79    40           6
    79    47           8
    79    50           6
    79    55           6
    79    61           9
    79    65           7
    80     2           8
    80    12           9
    80    14           8
    80    22           7
    80    34           6
    80    37           4
    80    43           5
    80    69           7
    80    73           6
    80    76           5
    80    79           9
